/*--------------------------------*- C++ -*----------------------------------*\
  =========                 |
  \\      /  F ield         | OpenFOAM: The Open Source CFD Toolbox
   \\    /   O peration     | Website:  https://openfoam.org
    \\  /    A nd           | Version:  8
     \\/     M anipulation  |
\*---------------------------------------------------------------------------*/
FoamFile
{
    version     2.0;
    format      ascii;
    class       volScalarField;
    location    "0";
    object      T;
}
// * * * * * * * * * * * * * * * * * * * * * * * * * * * * * * * * * * * * * //

dimensions      [0 0 0 1 0 0 0];

internalField   nonuniform List<scalar> 
1500
(
367.4
367.4
367.4
367.4
367.4
367.4
367.4
367.4
367.4
367.4
367.4
367.4
367.4
367.4
367.4
367.4
367.4
367.4
367.4
367.4
367.4
367.4
367.4
367.4
367.4
367.4
367.4
367.4
367.4
367.4
367.4
367.4
367.4
367.4
367.4
367.4
367.4
367.4
367.4
367.4
367.4
367.4
367.4
367.4
367.4
367.4
367.4
367.4
367.4
367.4
367.4
367.4
367.4
367.4
367.4
367.4
367.4
367.4
367.4
367.4
367.4
367.4
367.4
367.4
367.4
367.4
367.4
367.4
367.4
367.4
367.4
367.4
367.4
367.4
367.4
367.4
367.4
367.4
367.4
367.4
367.4
367.4
367.4
367.4
367.4
367.4
367.4
367.4
367.4
367.4
367.4
367.4
367.4
367.4
367.4
367.4
367.4
367.4
367.4
367.4
367.4
367.4
367.4
367.4
367.4
367.4
367.4
367.4
367.4
367.4
367.4
367.4
367.4
367.4
367.4
367.4
367.4
367.4
367.4
367.4
367.4
367.4
367.4
367.4
367.4
367.4
367.4
367.4
367.4
367.4
367.4
367.4
367.4
367.4
367.4
367.4
367.4
367.4
367.4
367.4
367.4
367.4
367.4
367.4
367.4
367.4
367.4
367.4
367.4
367.4
367.4
367.4
367.4
367.4
367.4
367.4
367.4
367.4
367.4
367.4
367.4
367.4
367.4
367.4
367.4
367.4
367.4
367.4
367.4
367.4
367.4
367.4
367.4
367.4
367.4
367.4
367.4
367.4
367.4
367.4
367.4
367.4
367.4
367.4
367.4
367.4
367.4
367.4
367.4
367.4
367.4
367.4
367.4
367.4
367.4
367.4
367.4
367.4
367.4
367.4
367.4
367.4
367.4
367.4
367.4
367.4
367.4
367.4
367.4
367.4
367.4
367.4
367.4
367.4
367.4
367.4
367.4
367.4
367.4
367.4
367.4
367.4
367.4
367.4
367.4
367.4
367.4
367.4
367.4
367.4
367.4
367.4
367.4
367.4
367.4
367.4
367.4
367.4
367.4
367.4
367.4
367.4
367.4
367.4
367.4
367.4
367.4
367.4
367.4
367.4
367.4
367.4
367.4
367.4
367.4
367.4
367.4
367.4
367.4
367.4
367.4
367.4
367.4
367.4
367.4
367.4
367.4
367.4
367.4
367.4
367.4
367.4
367.4
367.4
367.4
367.4
367.4
367.4
367.4
367.4
367.4
367.4
367.4
367.4
367.4
367.4
367.4
367.4
367.4
367.4
367.4
367.4
367.4
367.4
367.4
367.4
367.4
367.4
367.4
367.4
367.4
367.4
367.4
367.4
367.4
367.4
367.4
367.4
367.4
367.4
367.4
367.4
367.4
367.4
367.4
367.4
367.4
367.4
367.4
367.4
367.4
367.4
367.4
367.4
367.4
367.4
367.4
367.4
367.4
367.4
367.4
367.4
367.4
367.4
367.4
367.4
367.4
367.4
367.4
367.4
367.4
367.4
367.4
367.4
367.4
367.4
367.4
367.4
367.4
367.4
367.4
367.4
367.4
367.4
367.4
367.4
367.4
367.4
367.4
367.4
367.4
367.4
367.4
367.4
367.4
367.4
367.4
367.4
367.4
367.4
367.4
367.4
367.4
367.4
367.4
139.4
139.4
139.4
139.4
139.4
139.4
139.4
139.4
139.4
139.4
139.4
139.4
139.4
139.4
139.4
139.4
139.4
139.4
139.4
139.4
139.4
139.4
139.4
139.4
139.4
139.4
139.4
139.4
139.4
139.4
139.4
139.4
139.4
139.4
139.4
139.4
139.4
139.4
139.4
139.4
139.4
139.4
139.4
139.4
139.4
139.4
139.4
139.4
139.4
139.4
139.4
139.4
139.4
139.4
139.4
139.4
139.4
139.4
139.4
139.4
139.4
139.4
139.4
139.4
139.4
139.4
139.4
139.4
139.4
139.4
139.4
139.4
139.4
139.4
139.4
139.4
139.4
139.4
139.4
139.4
139.4
139.4
139.4
139.4
139.4
139.4
139.4
139.4
139.4
139.4
139.4
139.4
139.4
139.4
139.4
139.4
139.4
139.4
139.4
139.4
139.4
139.4
139.4
139.4
139.4
139.4
139.4
139.4
139.4
139.4
139.4
139.4
139.4
139.4
139.4
139.4
139.4
139.4
139.4
139.4
139.4
139.4
139.4
139.4
139.4
139.4
139.4
139.4
139.4
139.4
139.4
139.4
139.4
139.4
139.4
139.4
139.4
139.4
139.4
139.4
139.4
139.4
139.4
139.4
139.4
139.4
139.4
139.4
139.4
139.4
139.4
139.4
139.4
139.4
139.4
139.4
139.4
139.4
139.4
139.4
139.4
139.4
139.4
139.4
139.4
139.4
139.4
139.4
139.4
139.4
139.4
139.4
139.4
139.4
139.4
139.4
139.4
139.4
139.4
139.4
139.4
139.4
139.4
139.4
139.4
139.4
139.4
139.4
139.4
139.4
139.4
139.4
139.4
139.4
139.4
139.4
139.4
139.4
139.4
139.4
139.4
139.4
139.4
139.4
139.4
139.4
139.4
139.4
139.4
139.4
139.4
139.4
139.4
139.4
139.4
139.4
139.4
139.4
139.4
139.4
139.4
139.4
139.4
139.4
139.4
139.4
139.4
139.4
139.4
139.4
139.4
139.4
139.4
139.4
139.4
139.4
139.4
139.4
139.4
139.4
139.4
139.4
139.4
139.4
139.4
139.4
139.4
139.4
139.4
139.4
139.4
139.4
139.4
139.4
139.4
139.4
139.4
139.4
139.4
139.4
139.4
139.4
139.4
139.4
139.4
139.4
139.4
139.4
139.4
139.4
139.4
139.4
139.4
139.4
139.4
139.4
139.4
139.4
139.4
139.4
139.4
139.4
139.4
139.4
139.4
139.4
139.4
139.4
139.4
139.4
139.4
139.4
139.4
139.4
139.4
139.4
139.4
139.4
139.4
139.4
139.4
139.4
139.4
139.4
139.4
139.4
139.4
139.4
139.4
139.4
139.4
139.4
139.4
139.4
139.4
139.4
139.4
139.4
139.4
139.4
139.4
139.4
139.4
139.4
139.4
139.4
139.4
139.4
139.4
139.4
139.4
139.4
139.4
139.4
139.4
139.4
139.4
139.4
139.4
139.4
139.4
139.4
139.4
139.4
139.4
139.4
139.4
139.4
139.4
139.4
139.4
139.4
139.4
139.4
139.4
139.4
139.4
139.4
139.4
139.4
139.4
139.4
139.4
139.4
139.4
139.4
139.4
139.4
139.4
139.4
139.4
139.4
139.4
139.4
139.4
139.4
139.4
139.4
139.4
139.4
139.4
139.4
139.4
139.4
139.4
139.4
139.4
139.4
139.4
139.4
139.4
139.4
139.4
139.4
139.4
139.4
139.4
139.4
139.4
139.4
139.4
139.4
139.4
139.4
139.4
139.4
139.4
139.4
139.4
139.4
139.4
139.4
139.4
139.4
139.4
139.4
139.4
139.4
139.4
139.4
139.4
139.4
139.4
139.4
139.4
139.4
139.4
139.4
139.4
139.4
139.4
139.4
139.4
139.4
139.4
139.4
139.4
139.4
139.4
139.4
139.4
139.4
139.4
139.4
139.4
139.4
139.4
139.4
139.4
139.4
139.4
139.4
139.4
139.4
139.4
139.4
139.4
139.4
139.4
139.4
139.4
139.4
139.4
139.4
139.4
139.4
139.4
139.4
139.4
139.4
139.4
139.4
139.4
139.4
139.4
139.4
139.4
139.4
139.4
139.4
139.4
139.4
139.4
139.4
139.4
139.4
139.4
139.4
139.4
139.4
139.4
139.4
139.4
139.4
139.4
139.4
139.4
139.4
139.4
139.4
139.4
139.4
139.4
139.4
139.4
139.4
139.4
139.4
139.4
139.4
139.4
139.4
139.4
139.4
139.4
139.4
139.4
139.4
139.4
139.4
139.4
139.4
139.4
139.4
139.4
139.4
139.4
139.4
139.4
139.4
139.4
139.4
139.4
139.4
139.4
139.4
139.4
139.4
139.4
139.4
139.4
139.4
139.4
139.4
139.4
139.4
139.4
139.4
139.4
139.4
139.4
139.4
139.4
139.4
139.4
139.4
139.4
139.4
139.4
139.4
139.4
139.4
139.4
139.4
139.4
139.4
139.4
139.4
139.4
139.4
139.4
139.4
139.4
139.4
139.4
139.4
139.4
139.4
139.4
139.4
139.4
139.4
139.4
139.4
139.4
139.4
139.4
139.4
139.4
139.4
139.4
139.4
139.4
139.4
139.4
139.4
139.4
139.4
139.4
139.4
139.4
139.4
139.4
139.4
139.4
139.4
139.4
139.4
139.4
139.4
139.4
139.4
139.4
139.4
139.4
139.4
139.4
139.4
139.4
139.4
139.4
139.4
139.4
139.4
139.4
139.4
139.4
139.4
139.4
139.4
139.4
139.4
139.4
139.4
139.4
139.4
139.4
139.4
139.4
139.4
139.4
139.4
139.4
139.4
139.4
139.4
139.4
139.4
139.4
139.4
139.4
139.4
139.4
139.4
139.4
139.4
139.4
139.4
139.4
139.4
139.4
139.4
139.4
139.4
139.4
139.4
139.4
139.4
139.4
139.4
139.4
139.4
139.4
139.4
139.4
139.4
139.4
139.4
139.4
139.4
139.4
139.4
139.4
139.4
139.4
139.4
139.4
139.4
139.4
139.4
139.4
139.4
139.4
139.4
139.4
139.4
139.4
139.4
139.4
139.4
139.4
139.4
139.4
139.4
139.4
139.4
139.4
139.4
139.4
139.4
139.4
139.4
139.4
139.4
139.4
139.4
139.4
139.4
139.4
139.4
139.4
139.4
139.4
139.4
139.4
139.4
139.4
139.4
139.4
139.4
139.4
139.4
139.4
139.4
139.4
139.4
139.4
139.4
139.4
139.4
139.4
139.4
139.4
139.4
139.4
139.4
139.4
139.4
139.4
139.4
367.4
367.4
367.4
367.4
367.4
367.4
367.4
367.4
367.4
367.4
367.4
367.4
367.4
367.4
367.4
367.4
367.4
367.4
367.4
367.4
367.4
367.4
367.4
367.4
367.4
367.4
367.4
367.4
367.4
367.4
367.4
367.4
367.4
367.4
367.4
367.4
367.4
367.4
367.4
367.4
367.4
367.4
367.4
367.4
367.4
367.4
367.4
367.4
367.4
367.4
367.4
367.4
367.4
367.4
367.4
367.4
367.4
367.4
367.4
367.4
367.4
367.4
367.4
367.4
367.4
367.4
367.4
367.4
367.4
367.4
367.4
367.4
367.4
367.4
367.4
367.4
367.4
367.4
367.4
367.4
367.4
367.4
367.4
367.4
367.4
367.4
367.4
367.4
367.4
367.4
367.4
367.4
367.4
367.4
367.4
367.4
367.4
367.4
367.4
367.4
367.4
367.4
367.4
367.4
367.4
367.4
367.4
367.4
367.4
367.4
367.4
367.4
367.4
367.4
367.4
367.4
367.4
367.4
367.4
367.4
367.4
367.4
367.4
367.4
367.4
367.4
367.4
367.4
367.4
367.4
367.4
367.4
367.4
367.4
367.4
367.4
367.4
367.4
367.4
367.4
367.4
367.4
367.4
367.4
367.4
367.4
367.4
367.4
367.4
367.4
367.4
367.4
367.4
367.4
367.4
367.4
367.4
367.4
367.4
367.4
367.4
367.4
367.4
367.4
367.4
367.4
367.4
367.4
367.4
367.4
367.4
367.4
367.4
367.4
367.4
367.4
367.4
367.4
367.4
367.4
367.4
367.4
367.4
367.4
367.4
367.4
367.4
367.4
367.4
367.4
367.4
367.4
367.4
367.4
367.4
367.4
367.4
367.4
367.4
367.4
367.4
367.4
367.4
367.4
367.4
367.4
367.4
367.4
367.4
367.4
367.4
367.4
367.4
367.4
367.4
367.4
367.4
367.4
367.4
367.4
367.4
367.4
367.4
367.4
367.4
367.4
367.4
367.4
367.4
367.4
367.4
367.4
367.4
367.4
367.4
367.4
367.4
367.4
367.4
367.4
367.4
367.4
367.4
367.4
367.4
367.4
367.4
367.4
367.4
367.4
367.4
367.4
367.4
367.4
367.4
367.4
367.4
367.4
367.4
367.4
367.4
367.4
367.4
367.4
367.4
367.4
367.4
367.4
367.4
367.4
367.4
367.4
367.4
367.4
367.4
367.4
367.4
367.4
367.4
367.4
367.4
367.4
367.4
367.4
367.4
367.4
367.4
367.4
367.4
367.4
367.4
367.4
367.4
367.4
367.4
367.4
367.4
367.4
367.4
367.4
367.4
367.4
367.4
367.4
367.4
367.4
367.4
367.4
367.4
367.4
367.4
367.4
367.4
367.4
367.4
367.4
367.4
367.4
367.4
367.4
367.4
367.4
367.4
367.4
367.4
367.4
367.4
367.4
367.4
367.4
367.4
367.4
367.4
367.4
367.4
367.4
367.4
367.4
367.4
367.4
367.4
367.4
367.4
367.4
367.4
367.4
367.4
367.4
367.4
367.4
367.4
367.4
367.4
367.4
367.4
367.4
367.4
367.4
367.4
367.4
367.4
367.4
367.4
367.4
367.4
367.4
367.4
367.4
367.4
367.4
367.4
367.4
367.4
367.4
367.4
)
;

boundaryField
{
    periodic1
    {
        type            cyclic;
    }
    periodic2
    {
        type            cyclic;
    }
    empty
    {
        type            empty;
    }
}


// ************************************************************************* //
